function [color_opts] = color_options()
    color_opts = [       0    0.4470    0.7410;     % color_opts(1,:);
                    0.8500    0.3250    0.0980;     % color_opts(2,:);
                    0.9290    0.6940    0.1250;     % color_opts(3,:);
                    0.4940    0.1840    0.5560;     % color_opts(4,:);
                    0.4660    0.6740    0.1880;     % color_opts(5,:);
                    0.3010    0.7450    0.9330;     % color_opts(6,:);
                    0.6350    0.0780    0.1840;     % color_opts(7,:);
                    0.9000    0.4000    0.4000;     % color_opts(8,:);
                    0.4000    0.4000    0.8000;     % color_opts(9,:);
                    0.5000    0.500     0.5000;     % color_opts(10,:);
                         0         0         0];    % color_opts(11,:);
end